0
1
1
2
3
5
8
13
21
34
55
89
144
233
377
610
987
1597
2584
4181
6765
10946
17711
28657
46368
75025
121393
196418
317811
514229
832040
1346269
2178309
3524578
5702887
9227465
14930352
24157817
39088169
63245986
102334155
165580141
267914296
433494437
701408733
1134903170
1836311903
2971215073
4807526976
7778742049
12586269025
20365011074
32951280099
53316291173
86267571272
139583862445
225851433717
365435296162
591286729879
956722026041
1548008755920
2504730781961
4052739537881
6557470319842
10610209857723
17167680177565
27777890035288
44945570212853
72723460248141
117669030460994
190392490709135
308061521170129
498454011879264
806515533049393
1304969544928657
2111485077978050
3416454622906707
5527939700884757
8944394323791464
14472334024676221
23416728348467685
37889062373143906
61305790721611591
99194853094755497
160500643816367088
259695496911122585
420196140727489673
679891637638612258
1100087778366101931
1779979416004714189
2880067194370816120
4660046610375530309
7540113804746346429
12200160415121876738
19740274219868223168
31940434634990099906
51680708854858323072
83621143489848422976
135301852344706746048
218922995834555169024
354224848179261915072
573147844013817084096
927372692193078999168
1500520536206896083200
2427893228399975082496
3928413764606871165696
6356306993006846247936
10284720757613717413888
16641027750620563661824
26925748508234281074688
43566776258854844735488
70492524767089125810176
114059301025943970545664
184551825793033096364032
298611126818977066909696
483162952612010163273728
781774079430987230216192
1264937032042997393522688
2046711111473984623738880
3311648143516982017261568
5358359254990966641131520
8670007398507948658393088
14028366653498915299524608
22698374052006863958966272
36726740705505779258490880
59425114757512643217457152
96151855463018422475948032
155576970220531065685016576
251728825683549488169353216
407305795904080553854369792
659034621587630042023723008
1066340417491710595878092800
1725375039079340637834706944
2791715456571051233578582016
4517090495650391871413288960
7308805952221443104991870976
11825896447871834976405159936
19134702400093278081397030912
30960598847965113056728449024
50095301248058391137051738112
81055900096023504189485219840
131151201344081895330831925248
212207101440105399520317145088
343358302784187294833969201152
555565404224292694371466215424
898923707008479989205435416576
1454489111232772683508182155264
2353412818241252672713617571840
3807901929474025356084360773632
6161314747715278028660539392000
9969216677189303384744900165632
16130531424904581413405439557632
26099748102093884799249851351040
42230279526998466211555779280896
68330027629092351010805630631936
110560307156090817226759456423936
178890334785183168228768994033664
289450641941273985455528450457600
468340976726457153684297444491264
757791618667731139139825894948864
1226132595394188292824123339440128
1983924214061919431963949234388992
3210056809456107724858441318006784
5193981023518027156822390552395776
8404037832974134881680831870402560
13598018856492162037940272469377024
22002056689466296920184054293200896
35600075545958458958124326762577920
57602132235424755878308381055778816
93202207781383214840936307445727232
150804340016807970714741088874135552
244006547798191185555677396319862784
394810887814999156252404086684516352
638817435613190341826095881513861120
1033628323428189498078499968198377472
1672445759041379839832538255674310656
2706074082469569337983095817910616064
4378519841510949177815634073584926720
7084593923980518515798729891495542784
11463113765491467693326133588928757760
18547707689471986209124863480424300544
30010821454963453901298075564746211328
48558529144435440110422939045170511872
78569350599398894011721014609916723200
127127879743834334117532267636659847168
205697230343233228133864968265003958272
332825110087067562251397235901663805440
538522340430300790385262204166667763712
871347450517368352599765951920912465920
1409869790947669143021921644234999332864
2281217241465037495621687596155911798784
3691087032412706638643609240390911131648
5972304273877744134117722883957146517504
9663391306290450773056480029527410475008
15635695580168194907764498723843262644224
25299086886458645680820978753370673119232
40934782466626840588585477477213935763456
66233869353085486269406456230584608882688
107168651819712326860353116949233367252992
173402521172797813134481939662687621349376
